ijk: 6.316229
ikj: 4.842802
jik: 5.119515
jki: 8.428980
kij: 4.978111
kji: 8.628994
